0 0.8796875 0.60234375 0.103125 0.11328125
0 0.8484375 0.53359375 0.103125 0.10546875
0 0.834375 0.45390625 0.1203125 0.09921875
0 0.7953125 0.3890625 0.12265625 0.09921875
0 0.69453125 0.48203125 0.084375 0.0890625
0 0.66484375 0.415625 0.11015625 0.115625
0 0.7640625 0.7546875 0.459375 0.14140625
0 0.38828125 0.88671875 0.52890625 0.1609375
0 0.27421875 0.76640625 0.4640625 0.125
0 0.51328125 0.61328125 0.44765625 0.146875
0 0.24140625 0.590625 0.4015625 0.21171875
0 0.334375 0.36875 0.50234375 0.20625
0 0.5796875 0.2515625 0.49765625 0.18828125
0 0.50234375 0.109375 0.50234375 0.2046875