0 0.13671875 0.19609375 0.2671875 0.1203125
0 0.1359375 0.3796875 0.26953125 0.11796875
0 0.13828125 0.59921875 0.27421875 0.13671875
0 0.50859375 0.165625 0.43984375 0.18828125
0 0.525 0.36328125 0.43046875 0.1734375
0 0.5171875 0.54296875 0.46640625 0.2140625
0 0.51171875 0.7453125 0.45859375 0.18046875
0 0.78515625 0.4640625 0.103125 0.6953125
0 0.76796875 0.50234375 0.071875 0.61796875
0 0.95078125 0.63203125 0.09375 0.1296875
0 0.9234375 0.42109375 0.14921875 0.165625
0 0.9078125 0.2234375 0.18046875 0.19140625
0 0.87109375 0.09453125 0.2546875 0.17578125