0 0.775 0.1109375 0.27890625 0.1109375
0 0.8140625 0.3125 0.271875 0.1234375
0 0.85 0.51328125 0.26171875 0.1234375
0 0.51953125 0.7546875 0.45703125 0.2140625
0 0.853125 0.71875 0.23828125 0.11328125
0 0.46640625 0.54921875 0.47109375 0.2140625
0 0.41953125 0.36171875 0.428125 0.18828125
0 0.39453125 0.16796875 0.4421875 0.21875
0 0.21015625 0.584375 0.1734375 0.59140625
0 0.18125 0.55078125 0.10078125 0.7046875
0 0.084375 0.2015625 0.16796875 0.125
0 0.06875 0.35546875 0.1296875 0.13203125
0 0.06015625 0.51328125 0.11796875 0.1234375
0 0.05859375 0.7390625 0.1109375 0.121875