0 0.85 0.70546875 0.1109375 0.10859375
0 0.8328125 0.63125 0.11796875 0.10859375
0 0.83203125 0.54921875 0.13515625 0.0890625
0 0.80859375 0.47578125 0.13515625 0.09375
0 0.69453125 0.54609375 0.09140625 0.084375
0 0.67578125 0.4734375 0.12265625 0.11015625
0 0.571875 0.10859375 0.51484375 0.17109375
0 0.62734375 0.3125 0.48046875 0.23828125
0 0.36328125 0.37734375 0.49765625 0.22421875
0 0.23203125 0.54921875 0.40390625 0.21875
0 0.4953125 0.61640625 0.44765625 0.1609375
0 0.22578125 0.7203125 0.4515625 0.1625
0 0.31015625 0.84140625 0.5359375 0.13671875
0 0.7046875 0.8078125 0.46875 0.121875