0 0.525 0.73359375 0.86328125 0.3265625
0 0.97578125 0.33203125 0.040625 0.3609375
0 0.91484375 0.296875 0.06015625 0.43359375
0 0.859375 0.296875 0.0484375 0.43359375
0 0.790625 0.29296875 0.06015625 0.43515625
0 0.76328125 0.28984375 0.0484375 0.4453125
0 0.72265625 0.2859375 0.02890625 0.45
0 0.68984375 0.29296875 0.03828125 0.43828125
0 0.6578125 0.2859375 0.0265625 0.446875
0 0.603125 0.2546875 0.02890625 0.4984375
0 0.5765625 0.28203125 0.02421875 0.44921875
0 0.53828125 0.2546875 0.02890625 0.5015625
0 0.478125 0.2515625 0.0265625 0.4984375
0 0.44375 0.2546875 0.04140625 0.5015625
0 0.41484375 0.25 0.02890625 0.5
0 0.38359375 0.25234375 0.02890625 0.4984375
0 0.35 0.2515625 0.03359375 0.4984375
0 0.32109375 0.2515625 0.03359375 0.4953125
0 0.2921875 0.25234375 0.0359375 0.503125
0 0.2234375 0.27265625 0.04765625 0.459375
0 0.18125 0.25703125 0.04609375 0.49296875
0 0.140625 0.2546875 0.04296875 0.490625
0 0.109375 0.25625 0.0484375 0.4984375
0 0.08046875 0.2515625 0.05234375 0.4953125