0 0.5609375 0.57421875 0.87734375 0.26640625
0 0.7140625 0.34921875 0.05546875 0.0265625
0 0.7125 0.38828125 0.04140625 0.0265625
0 0.71015625 0.46015625 0.04609375 0.01953125
0 0.70703125 0.50234375 0.04296875 0.01953125
0 0.71875 0.42421875 0.02890625 0.01640625
0 0.41328125 0.38203125 0.0171875 0.06328125
0 0.43515625 0.38125 0.01953125 0.06015625
0 0.45546875 0.375 0.0171875 0.05859375
0 0.4109375 0.45703125 0.0171875 0.04375
0 0.43359375 0.459375 0.021875 0.05546875
0 0.45546875 0.4578125 0.0171875 0.05546875