0 0.215625 0.253125 0.2515625 0.2265625
0 0.23125 0.51796875 0.2140625 0.234375
0 0.234375 0.7875 0.2109375 0.215625
0 0.6203125 0.8578125 0.4921875 0.284375
0 0.60390625 0.5734375 0.46875 0.2703125
0 0.5875 0.27890625 0.4765625 0.2859375
0 0.496875 0.07265625 0.2515625 0.1453125
0 0.94765625 0.21875 0.1046875 0.23125
0 0.18984375 0.06328125 0.1875 0.1265625
0 0.06875 0.62890625 0.1375 0.0890625
0 0.065625 0.89140625 0.13125 0.0859375
0 0.0703125 0.37890625 0.140625 0.096875
0 0.04921875 0.096875 0.0984375 0.175